{
	"scene-loader-version": "0.1.0",
	"meshes":
	[
		{
			"file": "ground/ground.obj",
			"pre-transforms":
			[
				[
					1.0, 0.0, 0.0, 0.0,
					0.0, 1.0, 0.0, 0.0,
					0.0, 0.0, 1.0, 0.0,
					0.0, 0.0, 0.0, 1.0
				]
			]
		},
		{
			"file": "polyhedra/tetrahedron.obj",
			"pre-transforms":
			[
				[
					1.0, 0.0, 0.0, 0.0,
					0.0, 1.0, 0.0, 0.0,
					0.0, 0.0, 1.0, 0.0,
					4.0, 0.0, 4.0, 1.0
				],
				[
					1.0, 0.0, 0.0, 0.0,
					0.0, -1.0, 0.0, 0.0,
					0.0, 0.0, 1.0, 0.0,
					-4.0, 0.0, -4.0, 1.0
				]
			]
		},
		{
			"file": "polyhedra/cube.obj",
			"pre-transforms":
			[
				[
					1.0, 0.0, 0.0, 0.0,
					0.0, 1.0, 0.0, 0.0,
					0.0, 0.0, 1.0, 0.0,
					4.0, 0.0, 0.0, 1.0
				],
				[
					0.5, 0.5, 0.7071, 0.0,
					-0.7071, 0.7071, 0.0, 0.0,
					-0.5, -0.5, 0.7071, 0.0,
					-4.0, 0.0, 0.0, 1.0
				]
			]
		},
		{
			"file": "polyhedra/octahedron.obj",
			"pre-transforms":
			[
				[
					1.0, 0.0, 0.0, 0.0,
					0.0, 1.0, 0.0, 0.0,
					0.0, 0.0, 1.0, 0.0,
					4.0, 0.0, -4.0, 1.0
				],
				[
					0.5, 0.5, 0.7071, 0.0,
					-0.7071, 0.7071, 0.0, 0.0,
					-0.5, -0.5, 0.7071, 0.0,
					-4.0, 0.0, 4.0, 1.0
				]
			]
		},
		{
			"file": "polyhedra/dodecahedron.obj",
			"pre-transforms":
			[
				[
					1.0, 0.0, 0.0, 0.0,
					0.0, 1.0, 0.0, 0.0,
					0.0, 0.0, 1.0, 0.0,
					0.0, 0.0, -4.0, 1.0
				],
				[
					0.5, 0.5, 0.7071, 0.0,
					-0.7071, 0.7071, 0.0, 0.0,
					-0.5, -0.5, 0.7071, 0.0,
					0.0, 0.0, 4.0, 1.0
				]
			]
		},
		{
			"file": "polyhedra/icosahedron.obj",
			"pre-transforms":
			[
				[
					1.0, 0.0, 0.0, 0.0,
					0.0, 1.0, 0.0, 0.0,
					0.0, 0.0, 1.0, 0.0,
					1.0, 0.0, 0.0, 1.0
				]
			]
		}
	]
}
